25
80 85 90 70 60 75 88 92 86 81
75 78 80 82 84 76 88 90 92 85
82 79 83 85 87 89 91 93 84 77
88 76 81 83 85 87 89 91 93 80
72 74 76 78 80 82 84 86 88 90
85 87 89 91 93 75 77 79 81 83
78 80 82 84 86 88 90 92 94 76
83 85 87 89 91 93 75 77 79 81
76 78 80 82 84 86 88 90 92 94
89 91 93 75 77 79 81 83 85 87
82 84 86 88 90 92 94 76 78 80
75 77 79 81 83 85 87 89 91 93
88 90 92 94 76 78 80 82 84 86
81 83 85 87 89 91 93 75 77 79
84 86 88 90 92 94 76 78 80 82
77 79 81 83 85 87 89 91 93 75
90 92 94 76 78 80 82 84 86 88
83 85 87 89 91 93 75 77 79 81
86 88 90 92 94 76 78 80 82 84
79 81 83 85 87 89 91 93 75 77
92 94 76 78 80 82 84 86 88 90
85 87 89 91 93 75 77 79 81 83
78 80 82 84 86 88 90 92 94 76
81 83 85 87 89 91 93 75 77 79
84 86 88 90 92 94 76 78 80 82